10
26
5.5871033051512695
7.4176014569035758
1.0133723586124144
6.5546199271131966
4.1440595422455431
1.3310513423169179
3.5479848925144153
4.7242182983015919
8.1550432593160398
1.0171174207592792
2.7375416380813844
2.8453824937243652
7.4950463257914048
2.1209005094751774
7.7188244360067007
0.023498647287151231
0.33893610231882532
0.22801516668598421
1.1559662374346469
8.3361163435121348
7.8443126456448331
9.6126001541425179
6.1577990867551762
7.8788256830827121
0.058125465493397144
3.587646444821412
